4294967278,307
4294967279,305
4294967278,183
4294967278,181
4294967294,89
12,6
4294967278,180
12,5
12,4
4294967278,179
12,3
12,2
12,1
4294967278,306
4294967278,178
4294967279,304
4294967294,924
4294967278,305
4294967278,176
4294967278,304
4294967278,260
4294967278,0
4294967279,303
4294967294,18
4294967294,127
4294967294,14
4294967294,126
4294967294,20
4294967294,13
4294967294,180
4294967294,175
4294967294,183
4294967294,176
4294967294,185
4294967294,1416
4294967279,302
4294967278,303
4294967278,171
4294967278,170
11,5
11,4
4294967278,169
11,3
11,2
11,1
4294967278,302
4294967278,168
4294967279,301
4294967278,301
4294967278,165
4294967278,300
4294967279,300
4294967278,163
10,4
4294967278,162
10,3
10,2
10,1
4294967278,299
4294967278,161
4294967279,299
4294967278,298
4294967278,159
4294967278,297
4294967279,298
4294967294,923
4294967294,2
4294967294,909
4294967294,440
4294967294,0
4294967294,17
4294967294,99
4294967278,296
4294967294,50
4294967279,297
4294967279,0
4294967278,295
4294967294,22
4294967278,294
4294967278,155
4294967294,53
4294967294,956
4294967294,419
4294967294,955
4294967294,29
4294967294,926
4294967294,28
4294967294,27
4294967294,90
4294967294,86
4294967294,84
4294967294,968
4294967294,41
4294967294,36
4294967294,39
4294967294,425
4294967279,296
4294967279,260
4294967278,154
4294967278,293
4294967278,153
4294967278,152
4294967294,6
4294967294,94
4294967294,96
4294967278,151
9,5
9,4
9,3
9,2
9,1
4294967278,292
4294967294,9
4294967294,8
0,7
4294967294,470
4294967294,25
4294967294,26
4294967294,61
4294967294,12
4294967294,81
4294967294,11
4294967278,132
4294967278,131
4294967278,130
4294967278,129
4294967278,128
4294967278,127
4294967278,126
4294967278,125
4294967278,124
4294967278,123
4294967278,122
4294967278,121
4294967278,120
4294967278,119
4294967278,118
4294967278,117
4294967278,116
4294967278,115
4294967278,114
4294967278,113
4294967278,112
4294967278,111
4294967278,110
4294967278,109
4294967278,108
4294967278,107
4294967278,106
4294967278,105
4294967278,104
4294967278,103
4294967278,102
4294967278,101
4294967278,100
4294967278,99
4294967278,98
4294967278,97
4294967278,96
4294967278,95
4294967278,94
4294967278,93
4294967278,92
4294967278,91
4294967278,90
4294967278,89
4294967278,87
4294967278,86
4294967278,85
4294967278,84
4294967278,83
4294967278,82
4294967278,81
4294967278,80
4294967278,79
4294967278,78
4294967278,77
4294967278,76
4294967278,75
4294967278,74
4294967278,73
4294967278,72
4294967278,71
4294967278,70
4294967278,69
4294967278,68
4294967278,67
4294967278,66
4294967278,65
4294967278,64
4294967278,63
4294967278,62
4294967278,61
4294967278,60
4294967278,59
4294967278,58
4294967278,57
4294967278,56
4294967278,55
4294967278,54
4294967278,53
4294967278,52
4294967278,51
4294967278,50
4294967278,49
4294967278,48
4294967278,47
4294967278,46
4294967278,45
4294967278,44
4294967278,43
4294967278,42
4294967278,41
4294967278,40
4294967278,39
4294967278,38
4294967278,37
4294967279,24
4294967279,21
4294967279,17
4294967279,15
4294967279,14
4294967279,10
4294967279,9
4294967279,8
4294967279,7
4294967279,6
4294967279,5
4294967279,4
0,5
4294967294,93
4294967294,95
4294967294,7
4294967294,971
4294967294,67
4294967294,68
4294967294,5
4294967278,291
4294967279,295
4294967278,290
4294967279,294
4294967278,289
4294967294,1421
4294967279,293
8,5
8,4
8,2
8,1
7,5
4294967279,292
7,4
7,2
7,1
4294967279,291
6,4
6,3
6,2
6,1
4294967294,1420
4294967294,429
5,4
5,3
5,2
5,1
4294967279,283
4294967294,1419
4294967294,415
4,4
4,3
4,2
4,1
4294967294,1418
4294967294,187
4294967294,472
4294967278,288
4294967279,282
4294967278,287
4294967293,131
4294967293,130
4294967293,129
4294967293,128
4294967293,127
4294967293,126
4294967293,125
4294967293,124
4294967293,123
4294967293,122
4294967293,121
4294967293,120
4294967293,119
4294967293,118
4294967293,117
4294967293,116
4294967293,115
4294967293,114
4294967293,113
4294967293,112
4294967293,111
4294967293,110
4294967293,109
4294967293,108
4294967293,107
4294967293,106
4294967293,105
4294967293,104
